19696.2 3473.0 1500.0
18793.9 6840.4 1500.0
17320.5 10000.0 1500.0
15320.9 12855.8 1500.0
12855.8 15320.9 1500.0
10000.0 17320.5 1500.0
6840.4 18793.9 1500.0
3473.0 19696.2 1500.0
0.0 20000.0 1500.0
-3473.0 19696.2 1500.0
-6840.4 18793.9 1500.0
-10000.0 17320.5 1500.0
-12855.8 15320.9 1500.0
-15320.9 12855.8 1500.0
-17320.5 10000.0 1500.0
-18793.9 6840.4 1500.0
-19696.2 3473.0 1500.0
-20000.0 0.0 1500.0
-19696.2 -3473.0 1500.0
-18793.9 -6840.4 1500.0
-17320.5 -10000.0 1500.0
-15320.9 -12855.8 1500.0
-12855.8 -15320.9 1500.0
-10000.0 -17320.5 1500.0
-6840.4 -18793.9 1500.0
-3473.0 -19696.2 1500.0
-0.0 -20000.0 1500.0
3473.0 -19696.2 1500.0
6840.4 -18793.9 1500.0
10000.0 -17320.5 1500.0
12855.8 -15320.9 1500.0
15320.9 -12855.8 1500.0
17320.5 -10000.0 1500.0
18793.9 -6840.4 1500.0
19696.2 -3473.0 1500.0
0.0 0.0 -18500.0
14142.1 0.0 -12642.1
14142.1 0.0 15642.1
0.0 0.0 21500.0
