0.000295
0.000352
0.000419
0.000497
0.000588
0.000692
0.000812
0.000950
0.001106
0.001283
0.001484
0.001709
0.001961
0.002243
0.002555
0.002900
0.003280
0.003696
0.004150
0.004641
0.005173
0.005743
0.006354
0.007003
0.007691
0.008415
0.009174
0.009964
0.010783
0.011627
0.012490
0.013368
0.014256
0.015146
0.016034
0.016911
0.017770
0.018605
0.019408
0.020171
0.020887
0.021550
0.022152
0.022687
0.023150
0.023536
0.023840
0.024060
0.024193
0.024238
0.024193
0.024060
0.023840
0.023536
0.023150
0.022687
0.022152
0.021550
0.020887
0.020171
0.019408
0.018605
0.017770
0.016911
0.016034
0.015146
0.014256
0.013368
0.012490
0.011627
0.010783
0.009964
0.009174
0.008415
0.007691
0.007003
0.006354
0.005743
0.005173
0.004641
0.004150
0.003696
0.003280
0.002900
0.002555
0.002243
0.001961
0.001709
0.001484
0.001283
0.001106
0.000950
0.000812
0.000692
0.000588
0.000497
0.000419
0.000352
0.000295
0.000246
